22197
2372
9698
6022
20054
25139
2106
7630
10999
20992
30982
6061
17939
15335
5236
15110
13688
17471
18883
6624
22212
11654
21523
41
184
1018
3481
8065
6778
19968
11184
18102
835
19126
1368
56
12401
7301
440
12383
4749
696
14570
9193
2412
12200
9436
13745
12760
12142
6047
10626
5290
24927
16770
2228
22371
6292
4750
2970
20188
15161
1376
6385
13764
6825
3507
21948
19407
19345
20575
21362
4215
2953
423
2873
24225
5906
9903
7410
7703
3565
2768
21169
21697
319
17060
12806
3464
746
17395
9919
13016
12270
10238
8282
21811
13797
1824
9244





